name: ind_assign_2
channels:
  - conda-forge
dependencies:
  - altair=5.5.0=pyhd8ed1ab_0
  - attrs=24.2.0=pyh71513ae_0
  - bzip2=1.0.8=h2466b09_7
  - ca-certificates=2024.8.30=h56e8100_0
  - importlib-metadata=8.5.0=pyha770c72_0
  - importlib_resources=6.4.5=pyhd8ed1ab_0
  - jinja2=3.1.4=pyhd8ed1ab_0
  - jsonschema=4.23.0=pyhd8ed1ab_0
  - jsonschema-specifications=2024.10.1=pyhd8ed1ab_0
  - libexpat=2.6.4=he0c23c2_0
  - libffi=3.4.2=h8ffe710_5
  - libmpdec=4.0.0=h2466b09_0
  - libsqlite=3.47.0=h2466b09_1
  - libzlib=1.3.1=h2466b09_2
  - markupsafe=3.0.2=py313hb4c8b1a_0
  - narwhals=1.14.2=pyhff2d567_0
  - openssl=3.4.0=h2466b09_0
  - packaging=24.2=pyhff2d567_1
  - pip=24.3.1=pyh145f28c_0
  - pkgutil-resolve-name=1.3.10=pyhd8ed1ab_1
  - python=3.13.0=hf5aa216_101_cp313
  - python_abi=3.13=5_cp313
  - referencing=0.35.1=pyhd8ed1ab_0
  - rpds-py=0.21.0=py313hf3b5b86_0
  - tk=8.6.13=h5226925_1
  - typing-extensions=4.12.2=hd8ed1ab_0
  - typing_extensions=4.12.2=pyha770c72_0
  - tzdata=2024b=hc8b5060_0
  - ucrt=10.0.22621.0=h57928b3_1
  - vc=14.3=ha32ba9b_23
  - vc14_runtime=14.42.34433=he29a5d6_23
  - vs2015_runtime=14.42.34433=hdffcdeb_23
  - xz=5.2.6=h8d14728_0
  - zipp=3.21.0=pyhd8ed1ab_0
prefix: C:\Users\jaysi\miniforge3\envs\ind_assign_2
